0 0
444444444444444444444444444444444444444
400500000000000000000000000000000050004
400002000000000000000000000020000000004
400000000000000000000000000000000000004
400000000000000000000000000000000000004
400000000000000000100000000000000000004
400000000000000500000000000000000000004
400003333333000000000003333333000000004
400000000003000000000003000000000000004
400000000003000000000003000000000000004
400000200003000000000003020000000000004
400000000003000000000003000000000000004
400003333333000000000003333333000000004
400000000000000000000000000000000000004
400000006000002000002000000600000000004
400000000000000000000000000000000000004
400003333333000000000003333333000000004
400003007000000000000000007003000000004
400003000000000000000000000003000000004
400003333333000000000003333333000000004
400200000000000000000000000000200000004
400000200000000000000000200000000000004
400200000000000000000000000000200000004
444444444444444444444444444444444444444